########################### RIGHT SHOWER DETECTOR ##############################
Number of columns (x-stripes) and rows (y-stripes)
       5     16
Crate, Slot, First, Last ADC channels of blocks
       6     19       48     63
       6     17        0     15
       6     20       16     31
       2     16       48     63
       6     17       48     58
       6     17       63     63
       6     17       60     62
       6     17       59     59
      -1      0        0      0
Translation table from ADC hardware channel to logical channel number (historical)
 1 2 3 4 5 6 7 8 9 10 11 12 13 14 15 16 17 18 19 20 21 22 23 24
  25 26 27 28 29 30 31 32 33 34 35 36 37 38 39 40 41 42 43 44 45 46 47 48
 49 50 51 52 53 54 55 56 57 58 59 60 61 62 63 64 65 66 67 68 69 70 71 72 73
  74 75 76 77 78 79 80
x,y,z coords (in cm) of Shower front plane in spectrom cs
     0.0     0.0   3.725                          - Meters
Half of X, half of Y, full Z sizes (in cm) of Shower
    1.20   0.375   0.35                           - Meters
Rotation angle of the Shower plane
     0.0                                          - Degrees
x,y position of the center of block 1
   -1.10    -0.30                                 - Meters
dx and dy block spacing
    0.15    0.15                                  - Meters
Energy threshold for clusters to be considered
    30.0                                          - MeV
[ config=1 ]
ADC pedestals
447 329 329 455 571 545 524 557
348 361 371 470 534 493 583 486
345 320 307 319 377 392 423 491
350 341 353 332 475 412 449 430
611 537 504 521 611 698 701 748
570 504 490 483 649 700 678 676
395 375 371 293 572 595 579 634
429 350 376 301 623 622 600 515
386 363 312 346 411 470 478 444
331 342 260 388 490 455 442 288
Energy calibration coefficients
    1.00000    1.00000    1.00000    1.00000    1.00000
    1.00000    1.00000    1.00000    1.00000    1.00000
    1.00000    1.00000    1.00000    1.00000    1.00000
    1.00000    1.00000    1.00000    0.31810    0.35933
    0.37985    0.35686    0.36154    0.39791    0.35660
    0.40795    0.36799    0.38719    0.43722    0.38608
    1.00000    1.00000    1.00000    0.39449    0.37228
    0.37051    0.40463    0.53024    0.36916    0.44240
    0.44458    0.40900    0.50938    0.40177    0.38745
    0.39788    1.00000    1.00000    1.00000    0.33661
    0.38380    0.38501    0.36241    0.39488    0.35546
    0.38445    0.45143    0.49934    0.29857    0.37497
    0.36401    0.36691    1.00000    1.00000    1.00000
    1.00000    1.00000    1.00000    1.00000    1.00000
    1.00000    1.00000    1.00000    1.00000    1.00000
    1.00000    1.00000    1.00000    1.00000    1.00000
[ config=2 ]
ADC pedestals
447 329 329 455 571 545 524 557
348 361 371 470 534 493 583 486
345 320 307 319 377 392 423 491
350 341 353 332 475 412 449 430
611 537 504 521 611 698 701 748
570 504 490 483 649 700 678 676
395 375 371 293 572 595 579 634
429 350 376 301 623 622 600 515
386 363 312 346 411 470 478 444
331 342 260 388 490 455 442 288
Energy calibration coefficients
    1.00000    1.00000    1.00000    1.00000    1.00000
    1.00000    1.00000    1.00000    1.00000    1.00000
    1.00000    1.00000    1.00000    1.00000    1.00000
    1.00000    1.00000    1.00000    0.31989    0.36259
    0.38243    0.36146    0.36518    0.40085    0.35898
    0.41018    0.37249    0.39445    0.44185    0.39195
    1.00000    1.00000    1.00000    0.40456    0.37756
    0.37354    0.40690    0.53793    0.36756    0.44386
    0.44897    0.41309    0.51336    0.41121    0.39354
    0.40454    1.00000    1.00000    1.00000    0.33471
    0.38365    0.38473    0.36359    0.39624    0.35535
    0.38467    0.45497    0.50410    0.30095    0.38125
    0.36988    0.37341    1.00000    1.00000    1.00000
    1.00000    1.00000    1.00000    1.00000    1.00000
    1.00000    1.00000    1.00000    1.00000    1.00000
    1.00000    1.00000    1.00000    1.00000    1.00000
[ config=3 ]
ADC pedestals
447 329 329 455 571 545 524 557
348 361 371 470 534 493 583 486
345 320 307 319 377 392 423 491
350 341 353 332 475 412 449 430
611 537 504 521 611 698 701 748
570 504 490 483 649 700 678 676
395 375 371 293 572 595 579 634
429 350 376 301 623 622 600 515
386 363 312 346 411 470 478 444
331 342 260 388 490 455 442 288
Energy calibration coefficients
    1.00000    1.00000    1.00000    1.00000    1.00000
    1.00000    1.00000    1.00000    1.00000    1.00000
    1.00000    1.00000    1.00000    1.00000    1.00000
    1.00000    1.00000    1.00000    0.32170    0.36913
    0.38854    0.36984    0.37434    0.41093    0.37245
    0.41558    0.37791    0.40425    0.44624    0.40084
    1.00000    1.00000    1.00000    0.41071    0.38378
    0.38070    0.41157    0.55923    0.37235    0.45612
    0.46895    0.41975    0.51807    0.41932    0.40260
    0.41325    1.00000    1.00000    1.00000    0.33845
    0.38996    0.38720    0.36772    0.40303    0.35801
    0.39001    0.46660    0.50975    0.30392    0.38539
    0.37614    0.37925    1.00000    1.00000    1.00000
    1.00000    1.00000    1.00000    1.00000    1.00000
    1.00000    1.00000    1.00000    1.00000    1.00000
    1.00000    1.00000    1.00000    1.00000    1.00000
[ config=4 ]
ADC pedestals
447 329 329 455 571 545 524 557
348 361 371 470 534 493 583 486
345 320 307 319 377 392 423 491
350 341 353 332 475 412 449 430
611 537 504 521 611 698 701 748
570 504 490 483 649 700 678 676
395 375 371 293 572 595 579 634
429 350 376 301 623 622 600 515
386 363 312 346 411 470 478 444
331 342 260 388 490 455 442 288
Energy calibration coefficients
    1.00000    1.00000    1.00000    1.00000    1.00000
    1.00000    1.00000    1.00000    1.00000    1.00000
    1.00000    1.00000    1.00000    1.00000    1.00000
    1.00000    1.00000    1.00000    0.30400    0.34745
    0.36464    0.34308    0.34561    0.38264    0.34098
    0.39246    0.35098    0.37091    0.40941    0.36814
    1.00000    1.00000    1.00000    0.36871    0.34449
    0.34695    0.37286    0.49642    0.34155    0.41547
    0.41639    0.37785    0.47315    0.37203    0.35493
    0.36509    1.00000    1.00000    1.00000    0.31702
    0.36380    0.36479    0.34344    0.37684    0.33663
    0.36836    0.42433    0.47625    0.27958    0.35078
    0.34586    0.34664    1.00000    1.00000    1.00000
    1.00000    1.00000    1.00000    1.00000    1.00000
    1.00000    1.00000    1.00000    1.00000    1.00000
    1.00000    1.00000    1.00000    1.00000    1.00000
[ config=5 ]
ADC pedestals
447 329 329 455 571 545 524 557
348 361 371 470 534 493 583 486
345 320 307 319 377 392 423 491
350 341 353 332 475 412 449 430
611 537 504 521 611 698 701 748
570 504 490 483 649 700 678 676
395 375 371 293 572 595 579 634
429 350 376 301 623 622 600 515
386 363 312 346 411 470 478 444
331 342 260 388 490 455 442 288
Energy calibration coefficients
    1.00000    1.00000    1.00000    1.00000    1.00000
    1.00000    1.00000    1.00000    1.00000    1.00000
    1.00000    1.00000    1.00000    1.00000    1.00000
    1.00000    1.00000    1.00000    0.30596    0.34896
    0.36722    0.34756    0.34882    0.38483    0.34342
    0.39495    0.35613    0.37847    0.41700    0.37545
    1.00000    1.00000    1.00000    0.37412    0.35174
    0.35263    0.38006    0.50601    0.34244    0.41941
    0.42508    0.38605    0.48215    0.38450    0.36753
    0.37608    1.00000    1.00000    1.00000    0.31749
    0.36666    0.36744    0.34795    0.38106    0.34004
    0.37147    0.43231    0.48463    0.28561    0.36000
    0.35385    0.35431    1.00000    1.00000    1.00000
    1.00000    1.00000    1.00000    1.00000    1.00000
    1.00000    1.00000    1.00000    1.00000    1.00000
    1.00000    1.00000    1.00000    1.00000    1.00000
[ config=6 ]
ADC pedestals
447 329 329 455 571 545 524 557
348 361 371 470 534 493 583 486
345 320 307 319 377 392 423 491
350 341 353 332 475 412 449 430
611 537 504 521 611 698 701 748
570 504 490 483 649 700 678 676
395 375 371 293 572 595 579 634
429 350 376 301 623 622 600 515
386 363 312 346 411 470 478 444
331 342 260 388 490 455 442 288
Energy calibration coefficients
    1.00000    1.00000    1.00000    1.00000    1.00000
    1.00000    1.00000    1.00000    1.00000    1.00000
    1.00000    1.00000    1.00000    1.00000    1.00000
    1.00000    1.00000    1.00000    0.31522    0.36161
    0.38052    0.36183    0.36551    0.40298    0.36793
    0.40749    0.36614    0.39151    0.42772    0.38746
    1.00000    1.00000    1.00000    0.40223    0.36848
    0.36732    0.39476    0.54418    0.35534    0.43957
    0.45868    0.40313    0.49672    0.40204    0.38293
    0.39036    1.00000    1.00000    1.00000    0.32428
    0.37585    0.37507    0.35679    0.39153    0.34841
    0.37993    0.45319    0.49605    0.29164    0.37224
    0.36417    0.36418    1.00000    1.00000    1.00000
    1.00000    1.00000    1.00000    1.00000    1.00000
    1.00000    1.00000    1.00000    1.00000    1.00000
    1.00000    1.00000    1.00000    1.00000    1.00000
[ config=7 ]
ADC pedestals
447 329 329 455 571 545 524 557
348 361 371 470 534 493 583 486
345 320 307 319 377 392 423 491
350 341 353 332 475 412 449 430
611 537 504 521 611 698 701 748
570 504 490 483 649 700 678 676
395 375 371 293 572 595 579 634
429 350 376 301 623 622 600 515
386 363 312 346 411 470 478 444
331 342 260 388 490 455 442 288
Energy calibration coefficients
    1.00000    1.00000    1.00000    1.00000    1.00000
    1.00000    1.00000    1.00000    1.00000    1.00000
    1.00000    1.00000    1.00000    1.00000    1.00000
    1.00000    1.00000    1.00000    0.31029    0.35824
    0.37612    0.36001    0.36825    0.41343    0.35447
    0.39952    0.36137    0.38519    0.42537    0.37724
    1.00000    1.00000    1.00000    0.38499    0.35902
    0.35448    0.38523    0.52824    0.35817    0.45513
    0.43031    0.38808    0.48451    0.38178    0.36308
    0.37671    1.00000    1.00000    1.00000    0.32405
    0.37057    0.36869    0.34875    0.38490    0.34412
    0.38430    0.43725    0.48258    0.28966    0.35986
    0.35643    0.35271    1.00000    1.00000    1.00000
    1.00000    1.00000    1.00000    1.00000    1.00000
    1.00000    1.00000    1.00000    1.00000    1.00000
    1.00000    1.00000    1.00000    1.00000    1.00000
[ config=8 ]
ADC pedestals
447 329 329 455 571 545 524 557
348 361 371 470 534 493 583 486
345 320 307 319 377 392 423 491
350 341 353 332 475 412 449 430
611 537 504 521 611 698 701 748
570 504 490 483 649 700 678 676
395 375 371 293 572 595 579 634
429 350 376 301 623 622 600 515
386 363 312 346 411 470 478 444
331 342 260 388 490 455 442 288
Energy calibration coefficients
    1.00000    1.00000    1.00000    1.00000    1.00000
    1.00000    1.00000    1.00000    1.00000    1.00000
    1.00000    1.00000    1.00000    1.00000    1.00000
    1.00000    1.00000    1.00000    0.30256    0.34627
    0.36398    0.34225    0.34589    0.38505    0.34358
    0.39259    0.34919    0.36475    0.40449    0.36193
    1.00000    1.00000    1.00000    0.36697    0.34253
    0.34618    0.37340    0.48892    0.34349    0.41992
    0.42175    0.37786    0.47325    0.36487    0.34989
    0.36100    1.00000    1.00000    1.00000    0.31854
    0.36332    0.36578    0.34311    0.37745    0.33854
    0.36959    0.42585    0.47689    0.27936    0.34937
    0.34293    0.34584    1.00000    1.00000    1.00000
    1.00000    1.00000    1.00000    1.00000    1.00000
    1.00000    1.00000    1.00000    1.00000    1.00000
    1.00000    1.00000    1.00000    1.00000    1.00000
[ config=9 ]
ADC pedestals
447 329 329 455 571 545 524 557
348 361 371 470 534 493 583 486
345 320 307 319 377 392 423 491
350 341 353 332 475 412 449 430
611 537 504 521 611 698 701 748
570 504 490 483 649 700 678 676
395 375 371 293 572 595 579 634
429 350 376 301 623 622 600 515
386 363 312 346 411 470 478 444
331 342 260 388 490 455 442 288
Energy calibration coefficients
    1.00000    1.00000    1.00000    1.00000    1.00000
    1.00000    1.00000    1.00000    1.00000    1.00000
    1.00000    1.00000    1.00000    1.00000    1.00000
    1.00000    1.00000    1.00000    0.30052    0.34515
    0.36320    0.34271    0.34162    0.38061    0.33690
    0.38921    0.34850    0.36851    0.40258    0.36441
    1.00000    1.00000    1.00000    0.36962    0.34305
    0.34431    0.37239    0.49734    0.33707    0.41145
    0.41463    0.37752    0.47048    0.37314    0.35353
    0.35970    1.00000    1.00000    1.00000    0.31116
    0.35939    0.36343    0.34237    0.37365    0.33310
    0.36614    0.42381    0.47563    0.27883    0.35074
    0.34781    0.34494    1.00000    1.00000    1.00000
    1.00000    1.00000    1.00000    1.00000    1.00000
    1.00000    1.00000    1.00000    1.00000    1.00000
    1.00000    1.00000    1.00000    1.00000    1.00000
[ config=10 ]
ADC pedestals
447 329 329 455 571 545 524 557
348 361 371 470 534 493 583 486
345 320 307 319 377 392 423 491
350 341 353 332 475 412 449 430
611 537 504 521 611 698 701 748
570 504 490 483 649 700 678 676
395 375 371 293 572 595 579 634
429 350 376 301 623 622 600 515
386 363 312 346 411 470 478 444
331 342 260 388 490 455 442 288
Energy calibration coefficients
    1.00000    1.00000    1.00000    1.00000    1.00000
    1.00000    1.00000    1.00000    1.00000    1.00000
    1.00000    1.00000    1.00000    1.00000    1.00000
    1.00000    1.00000    1.00000    0.31029    0.35693
    0.37641    0.35854    0.36101    0.39982    0.36430
    0.40369    0.36164    0.38610    0.42137    0.38304
    1.00000    1.00000    1.00000    0.39673    0.36172
    0.36201    0.38964    0.53761    0.35095    0.43466
    0.45447    0.39781    0.48965    0.39494    0.37673
    0.38333    1.00000    1.00000    1.00000    0.32062
    0.37193    0.37180    0.35365    0.38803    0.34508
    0.37753    0.44896    0.49138    0.28850    0.36771
    0.36001    0.35956    1.00000    1.00000    1.00000
    1.00000    1.00000    1.00000    1.00000    1.00000
    1.00000    1.00000    1.00000    1.00000    1.00000
    1.00000    1.00000    1.00000    1.00000    1.00000
[ config=11 ]
ADC pedestals
447 329 329 455 571 545 524 557
348 361 371 470 534 493 583 486
345 320 307 319 377 392 423 491
350 341 353 332 475 412 449 430
611 537 504 521 611 698 701 748
570 504 490 483 649 700 678 676
395 375 371 293 572 595 579 634
429 350 376 301 623 622 600 515
386 363 312 346 411 470 478 444
331 342 260 388 490 455 442 288
Energy calibration coefficients
    1.00000    1.00000    1.00000    1.00000    1.00000
    1.00000    1.00000    1.00000    1.00000    1.00000
    1.00000    1.00000    1.00000    1.00000    1.00000
    1.00000    1.00000    1.00000    0.31447    0.36464
    0.38446    0.36628    0.37363    0.42067    0.35938
    0.40390    0.36572    0.39009    0.43012    0.37945
    1.00000    1.00000    1.00000    0.39631    0.36909
    0.36402    0.39482    0.54889    0.36610    0.46767
    0.44419    0.39712    0.49483    0.39347    0.37461
    0.38583    1.00000    1.00000    1.00000    0.32971
    0.37741    0.37514    0.35598    0.39076    0.35095
    0.38911    0.44664    0.49002    0.29362    0.36891
    0.35916    0.35582    1.00000    1.00000    1.00000
    1.00000    1.00000    1.00000    1.00000    1.00000
    1.00000    1.00000    1.00000    1.00000    1.00000
    1.00000    1.00000    1.00000    1.00000    1.00000